2 1000 2
8123.90 2667.65
7357.82 3498.03
9368.09 2063.36
7314.18 3016.18
8984.81 3186.01
8314.71 3281.24
5541.69 3719.59
2367.71 5250.61
8183.75 2393.83
8840.35 5870.00
2340.98 5221.70
8121.66 3151.08
5593.13 6494.40
7810.46 2972.61
8095.91 3199.20
9425.44 2180.62
3195.84 4810.00
8944.19 2376.69
5115.50 7088.87
9197.39 1812.23
8376.92 2673.36
6356.20 3803.44
1285.88 6460.31
7664.71 3187.14
6408.14 6392.41
8814.48 4628.87
2862.86 7161.36
8453.45 2864.08
8803.67 3037.13
8971.48 2371.82
8219.05 2658.57
8351.03 2685.83
3502.80 6439.91
5578.01 3760.60
8394.91 2641.39
7613.61 4349.39
7257.74 5885.96
9004.99 4851.52
6995.82 3665.27
4177.54 6666.27
7715.03 3673.52
6147.79 4058.13
1735.09 7138.40
8868.02 5546.29
2886.95 5639.93
4900.95 8273.63
5321.15 7515.52
8414.46 2331.14
8307.17 2770.42
7760.07 4337.08
8888.01 3322.05
9042.20 2587.01
2312.22 5483.66
7281.42 3522.14
8200.37 2516.14
2464.89 4985.08
7284.46 3161.64
8523.60 3220.49
8320.76 3030.98
7541.86 3572.67
8991.69 2460.29
9058.84 2254.08
7380.53 3751.44
9079.98 2302.80
6588.40 3502.53
7582.70 2670.69
9428.69 1776.54
9457.11 2350.28
5721.02 7168.97
4680.23 6550.69
8369.16 7321.83
8753.51 4725.47
8583.81 2643.55
3350.54 4661.17
8962.77 5656.64
7311.36 3169.59
5536.18 5187.88
7509.73 3529.43
8021.36 2650.37
7722.70 2648.36
8286.54 3421.19
1748.59 6755.02
8220.72 2714.57
5935.80 3558.48
5878.22 6599.54
8802.29 2583.36
9061.08 3290.77
8325.38 2822.27
4329.93 8403.18
5991.33 8277.20
8095.67 3495.31
9105.53 3189.32
6395.38 7698.64
7565.37 2895.62
8761.43 6708.19
6743.13 6241.89
6166.41 6494.21
8868.22 4691.15
7424.98 4025.29
3719.59 4104.95
8383.15 3011.83
4033.70 6656.77
3449.50 8153.97
1893.47 7346.66
7621.27 2913.44
2797.36 5024.90
1871.10 6563.15
8609.55 4637.58
4893.13 6322.87
1604.71 7369.47
9083.93 6105.96
2902.20 4618.74
8520.43 3383.32
1597.49 6088.51
3633.24 6346.54
5668.15 9598.26
7446.37 3104.30
4967.26 5641.24
8863.66 2839.70
8825.48 2368.17
5653.13 4220.19
9402.04 1786.45
5143.76 8589.63
8296.00 2710.81
1630.36 6229.11
9217.93 1810.09
8493.96 6274.72
6131.04 7528.57
1665.36 6893.35
8975.16 2138.05
5535.48 6924.16
7758.09 2659.55
5954.50 6522.16
9086.81 3309.24
5142.87 8646.08
5469.56 3447.10
4714.49 7835.83
8022.28 4741.81
5917.75 8254.72
9243.81 1852.90
8802.56 2367.86
2364.90 5266.00
7921.08 3092.40
5199.03 6983.91
7661.59 2616.32
2535.56 6968.91
1386.83 7023.36
4211.01 4102.70
4737.76 6139.95
8654.97 2872.09
8626.77 2810.88
8753.73 2867.49
8238.66 4776.31
8216.59 2555.27
7685.77 5550.12
5036.69 8626.37
6524.34 3698.42
7453.76 3758.16
8592.30 2135.30
7334.84 7189.72
8658.76 2545.67
7620.65 5674.83
8277.31 2656.53
9062.51 7192.70
8773.20 4325.67
8207.68 7413.56
8625.99 3141.65
6038.38 3826.18
8215.97 3450.59
8208.83 4789.04
3793.71 6719.00
7212.70 3779.86
8045.04 5169.82
8763.71 3293.09
7631.48 7791.08
1362.41 7471.24
7414.84 2934.57
8134.52 4835.53
3185.07 7926.35
3239.63 7250.35
7965.30 2579.97
7698.90 3223.22
5018.82 5908.42
4998.74 5713.56
5762.92 3658.06
4792.85 7803.52
5999.43 6513.76
5914.15 8301.82
8085.92 5354.66
8506.64 2474.56
5693.04 9206.59
4483.76 8346.19
8267.31 3203.63
4067.19 6597.24
7381.60 5913.33
6108.57 6553.98
7003.82 3673.59
8803.75 3085.02
7535.82 2614.32
8033.33 2836.28
7707.25 7254.26
5742.56 6355.53
7642.88 3406.13
8682.85 2363.98
2682.40 5071.49
1559.93 7568.50
2291.65 5787.07
8795.08 6293.53
2312.35 5259.31
7678.31 2828.27
6911.09 3575.69
7307.68 3687.37
2900.13 4679.85
7933.53 3334.28
4358.88 5315.69
2218.28 4255.25
9218.83 1753.52
7873.11 3349.01
7568.04 2695.14
2365.49 5503.69
5897.88 9106.27
9546.19 1481.03
7326.23 3051.91
5912.20 3646.65
6964.61 3557.84
8934.54 2557.99
7350.05 3490.52
2103.77 5364.71
8173.15 3190.72
7570.94 3276.45
6359.37 3415.87
6111.14 6448.90
7401.34 5835.68
6494.06 6457.61
8494.23 3120.74
7227.21 3900.78
7355.32 3613.81
7415.50 2922.19
8678.71 2351.43
8066.54 2836.45
7275.03 3047.39
5241.94 9002.02
8551.77 3068.50
6192.24 6225.97
8840.89 2729.14
5496.81 3467.38
7120.28 3997.30
7891.48 3436.65
7478.02 4129.11
8052.52 3157.63
7655.32 3059.30
7619.21 3020.30
4640.96 6097.85
8965.28 3022.65
7858.81 2677.76
7671.50 3004.64
7088.97 3143.91
1522.77 7505.60
3454.54 7498.57
7275.55 6610.25
2249.57 4663.43
8556.61 3076.35
7361.24 2916.15
8872.14 4487.11
7666.10 3194.06
8119.93 3584.96
8037.96 2471.76
7489.51 2670.66
3606.81 4442.80
7079.12 3956.11
8202.02 3134.69
8341.24 2747.79
9103.63 2797.79
5830.72 8280.16
7066.44 3259.39
8855.08 2639.26
7699.42 3128.87
8592.91 4526.75
5525.38 5219.54
6815.94 3700.53
9317.56 1976.17
7193.56 3427.78
1619.64 6870.82
4168.59 4140.54
5684.26 4031.04
7395.00 3685.78
5673.46 6406.08
5086.91 5642.13
8823.50 2013.98
5689.30 4894.61
8027.52 2684.03
1996.73 6935.19
1242.60 6511.14
7691.82 3202.54
1748.30 7044.79
4672.41 5907.61
8940.01 2728.31
8892.23 2287.57
8711.93 2663.70
7956.67 3517.26
9283.28 5629.66
8665.33 2460.96
7092.92 8464.43
6968.03 3403.83
8795.93 6658.82
5159.25 8262.64
8894.36 6981.43
7478.29 7136.95
8660.89 2357.64
7391.93 5717.46
8553.90 4993.21
6448.45 5894.56
8315.22 2857.85
8159.54 2959.01
3664.02 6342.04
7244.51 3536.85
5488.20 3425.54
7318.43 2993.79
8151.75 2702.30
8384.28 3305.88
5926.98 6541.10
4249.04 6517.23
7563.14 3587.71
8687.58 2437.90
8567.61 5850.11
8401.07 2546.98
7928.94 3229.79
7942.43 2953.73
3917.37 4153.40
9097.28 2733.04
4202.54 7463.24
7673.45 2952.78
7785.71 2838.86
8764.77 2482.88
1803.83 6708.77
8563.78 2537.50
7426.75 3517.74
2412.52 6734.77
8712.60 3217.62
6490.77 3090.25
2203.71 5633.81
6368.89 3478.49
8923.72 3320.52
5464.76 3504.56
4267.74 4740.76
6622.37 6416.30
1518.15 7590.42
2355.41 5984.39
8266.92 2863.05
8210.03 3506.58
5573.63 3430.01
7211.63 3675.53
7610.50 2707.33
5664.24 6254.18
8285.85 2674.65
8975.52 2464.68
7905.44 2884.97
8662.96 3004.25
7810.22 3195.14
4362.79 6401.93
1673.13 7254.29
8709.10 2067.42
7915.49 2966.65
8826.72 3365.78
6376.92 3309.86
5901.45 6456.72
6396.48 3555.47
7413.53 3132.71
9117.10 3318.83
5514.40 6856.74
7272.75 3365.81
8608.20 3040.19
6327.53 3785.97
3912.33 9014.94
8750.04 2433.20
5979.36 6329.00
8522.45 3333.23
7412.45 7492.85
7849.27 3036.01
4715.37 7883.82
8452.86 5942.83
3964.68 8858.97
4623.02 6307.93
9025.10 2432.76
7269.82 7105.43
8534.31 2952.76
8202.84 3209.36
9258.47 1743.69
8986.61 2223.36
4224.20 9166.63
4329.32 8867.99
8974.07 2569.21
8901.51 3416.76
8175.66 5918.58
3188.16 4787.44
8160.58 2540.52
7390.36 3340.25
7514.92 3510.98
6496.04 3105.67
8739.50 2025.12
7492.74 2905.12
7120.58 3781.50
7405.41 3545.16
7586.90 2854.90
8830.04 5557.50
8053.10 2799.25
8981.21 2205.62
8793.14 2848.14
7757.84 3670.61
3623.50 8694.61
8341.65 3201.23
6990.88 3612.71
8702.82 2149.32
8063.24 4760.62
8744.49 2122.52
7255.30 4291.11
9086.17 2720.22
6074.73 5555.48
5080.11 8934.96
4878.40 9560.21
3297.94 7996.61
3707.08 5666.41
7928.95 2996.51
8692.49 2440.84
6629.35 3770.86
4974.35 7766.65
7368.95 2934.63
8732.98 3067.58
9390.84 2076.14
7593.93 3597.73
5300.33 3653.97
7980.83 3261.49
9046.05 4975.37
2993.76 5070.87
7186.19 8202.89
5443.83 8906.41
5462.56 8873.14
8604.64 3167.49
7202.55 3561.91
9324.56 2009.30
1490.28 6668.28
7951.21 3426.86
5864.40 6415.94
7886.74 2944.41
8500.76 3369.78
1804.75 7257.64
8695.42 2544.41
4661.45 4059.60
8050.90 2796.17
5875.63 6634.53
873.55 7542.19
8275.69 3676.16
4603.93 8289.61
4962.50 7769.66
8042.67 4712.60
9388.47 1829.53
1948.61 5830.05
6687.17 3715.96
4778.85 7990.30
9286.93 2124.46
8621.18 2609.85
8013.83 3242.11
7764.01 2917.94
5522.03 6999.34
5859.06 3632.66
3965.99 4114.91
8667.74 5393.42
9171.58 2085.68
8032.84 2773.65
8926.41 2387.35
5808.92 6671.30
5502.31 3652.86
8439.03 2841.98
8002.07 2522.25
8786.68 2749.81
7809.93 3012.32
7636.25 5133.51
8396.29 3023.83
5296.47 6816.08
3111.95 4530.97
7855.68 2473.05
6234.04 3539.11
8430.37 2319.86
7478.68 2958.89
9343.35 2155.77
9116.92 6139.65
8485.83 7261.36
5851.66 3622.68
7463.03 2498.29
7061.32 3630.63
5456.22 5809.73
6478.43 4164.88
8618.36 2469.28
5950.86 6583.48
1688.52 6208.07
8150.74 3481.08
7541.44 3483.53
5158.49 6317.60
5835.22 6441.90
7507.18 2372.22
3542.06 8091.37
8667.67 2998.85
8252.32 3346.95
4061.41 5803.10
8786.26 2141.88
7658.20 2994.00
7489.93 3502.19
6995.77 3380.13
3395.16 6522.41
8170.15 3111.79
8270.36 2650.60
7378.66 3788.56
2527.01 6950.85
7707.35 2388.29
7865.96 5292.70
7922.31 4708.76
8494.86 2775.98
8808.70 2128.99
8568.01 2488.79
1324.64 6586.66
8861.75 2748.62
8764.10 2841.84
4028.66 8712.02
5469.07 3487.82
6119.93 3466.44
4219.41 6662.78
7377.18 3483.68
7306.25 3605.97
8003.72 2718.15
8254.53 3016.63
3455.57 7106.30
5599.30 6188.47
7926.32 3149.20
8083.90 2823.51
5835.20 8114.56
7773.72 2720.27
7782.37 2880.00
8817.75 3276.68
7488.37 4027.42
7706.63 3142.37
7508.73 3083.82
5910.54 4096.29
4062.44 4171.45
7032.44 7464.08
8155.93 3418.22
9187.12 2106.22
8360.25 2713.92
1204.72 6170.66
8332.15 3295.01
7652.03 3002.81
7949.97 3599.46
8274.55 3392.80
9354.19 7176.43
8534.60 2190.90
5979.30 3687.15
5749.86 6574.99
3150.96 4794.36
8246.54 5515.25
7367.12 3012.30
8571.34 6915.22
1692.32 6331.17
7553.60 3549.97
7967.50 2562.25
8602.01 2287.49
7251.22 3372.38
7965.55 2828.10
3138.24 8111.00
4788.24 5988.57
8409.81 2357.83
6518.13 6339.15
6130.90 3952.60
1950.44 7072.70
7729.41 5070.08
4753.26 5852.64
5431.25 5602.93
5173.62 4044.59
9393.92 4004.52
4321.09 8973.70
2291.48 5457.66
7788.53 3280.69
8538.40 5627.95
7875.47 3133.62
4217.88 4109.17
8127.01 3138.05
8531.03 2142.30
8320.90 3335.12
5104.80 6634.93
6152.56 5556.06
5946.92 3610.32
9341.96 2000.58
8164.78 3196.93
7920.17 3380.36
5093.46 7090.48
8460.88 5578.58
4639.68 6024.97
2277.03 5515.13
8759.71 3085.14
8543.17 2545.18
7861.26 3283.80
8057.09 4712.95
8276.82 2500.25
8456.63 2569.81
6993.43 5891.94
7533.37 4246.91
5943.56 9714.67
7550.26 3140.01
9041.79 2215.12
2242.00 7573.39
8455.62 3361.44
9093.20 3093.27
7839.56 5411.83
3397.04 7417.51
7281.11 3197.05
8725.48 3080.30
5829.55 8331.16
9222.43 7005.33
6518.57 3686.91
7901.44 3112.82
4773.18 6600.23
7937.27 3062.39
2661.70 5493.62
8322.38 2328.36
9416.62 2054.45
8761.46 2709.86
8610.90 2144.19
8750.38 3388.87
4577.34 8399.92
8282.41 8035.63
8892.16 2790.63
2641.01 7041.72
9169.97 3300.59
5389.12 3701.36
2200.73 4645.88
7538.61 3548.70
6310.50 3542.77
7407.57 3576.62
4869.36 6192.28
8019.46 2476.04
8265.33 3285.88
7563.44 3295.04
8319.86 6420.95
5654.69 9027.33
8156.38 2952.31
7864.35 2950.98
6222.71 5256.82
4276.74 6979.20
7646.78 3287.36
8325.75 2333.08
8044.58 3323.94
8026.36 2513.23
5622.65 8869.23
9252.65 3343.82
5192.88 9461.82
8190.11 3314.32
8699.03 3003.82
7326.04 4214.41
7351.95 3430.33
8406.60 2555.08
8297.88 3401.27
7761.33 2558.96
8510.48 3284.35
3516.28 6311.59
8811.65 2849.90
7875.81 2616.60
5284.19 6738.31
9045.67 2253.35
7394.54 3061.26
5586.00 6130.46
7540.46 2746.94
8632.33 3062.80
7855.21 2862.21
7178.22 3653.25
5183.56 3782.91
4744.47 6601.61
7858.36 2928.31
5024.71 5965.02
5825.28 6419.41
3993.48 6949.29
7611.59 2727.30
8821.89 2577.98
7288.53 3532.18
7783.49 5394.68
7719.76 2655.61
8938.28 2512.72
4333.77 8943.76
3401.88 6065.87
8437.16 2476.32
9013.59 6095.11
2147.55 5677.43
7723.86 3335.58
8830.83 2641.58
7245.30 3662.51
8350.84 2616.52
8563.21 2871.51
8324.03 4441.80
7105.37 7432.22
8718.11 2044.91
8748.33 2961.33
6592.43 4059.44
6020.91 6257.36
2894.31 4871.44
9260.37 5831.76
3786.94 6359.06
9296.69 5405.78
9219.79 3322.77
9160.33 3169.63
7271.98 3339.10
8122.78 3409.57
6091.12 6589.58
4210.51 6687.72
5855.99 6443.60
6063.06 9694.11
8123.83 2829.18
9271.21 1805.15
5780.88 6600.50
7870.34 3234.51
7307.46 4095.12
7327.44 3023.27
7301.58 3687.54
5648.99 5837.40
8458.80 3348.10
7863.23 2591.04
9346.25 1738.83
8871.77 3101.81
6165.33 6546.41
3965.60 8892.86
3739.11 6374.86
5453.32 3557.07
7224.93 3741.38
8086.77 2845.28
7561.97 3409.67
6193.55 6511.36
1641.82 7088.97
8081.89 3476.14
8649.10 2235.52
9500.33 1582.42
5579.19 3678.43
6847.93 6025.31
8648.16 3078.94
7708.68 5422.56
7588.39 3471.65
5249.77 7151.62
7571.43 3435.60
7165.16 4018.54
4158.30 4108.68
8131.80 4763.29
7050.25 3672.45
9294.77 2152.81
8182.86 6042.05
8214.67 2579.85
8804.18 2397.00
5737.28 3407.99
7861.45 3177.80
9320.42 2008.53
1934.89 7340.14
5705.43 6430.85
9015.91 2358.31
945.10 6934.82
5159.82 6799.03
7384.73 5894.61
4331.71 6948.42
7440.68 3325.78
7700.08 3096.05
5550.30 6552.67
4380.52 4105.34
9350.72 1761.90
7878.48 3266.97
8508.19 3982.80
7550.97 2469.34
2075.91 6890.99
8563.48 2628.41
7731.92 3475.73
7835.62 2452.84
7711.07 2923.93
6911.89 3446.44
7791.34 2556.84
4509.78 6161.54
6609.67 3720.57
9116.98 1815.82
9471.02 1627.96
5764.03 6663.37
7882.12 2756.41
5834.77 6426.56
8893.13 2070.15
7455.84 2917.03
7928.32 4677.27
5497.90 3749.01
8941.60 2320.65
6317.56 6568.51
1974.63 4701.53
8617.95 3259.17
8681.00 5851.73
4257.67 5974.28
7868.71 3450.56
9407.82 2045.03
7912.31 3214.45
8153.77 3320.72
8770.90 3181.91
5092.87 7456.08
8178.74 4579.11
8417.50 3202.73
7757.23 3185.89
5920.69 6367.53
7564.46 2887.95
3199.93 8318.25
7438.49 3660.19
7634.92 3017.82
5405.61 9108.74
8253.05 2714.75
7356.85 3727.16
7666.16 3009.34
7330.01 7196.21
8521.89 5856.84
8679.02 2543.43
7565.49 5476.69
8160.55 2885.90
5715.92 7243.51
6104.92 6733.80
8118.71 3198.65
4517.86 9229.53
1992.50 5752.36
6198.35 3468.76
5747.76 8635.71
8931.34 4543.98
5179.36 8982.66
8658.69 2417.74
7990.67 2572.63
7592.12 3602.72
6883.53 3486.87
6196.71 6895.95
8261.34 3305.64
8354.70 2560.41
8549.99 2614.89
3772.77 4081.63
802.72 7389.21
8958.66 2553.42
1811.93 5924.55
1613.23 6892.61
7419.85 4090.89
4115.61 4113.87
7560.61 2580.11
3381.54 7412.88
8131.39 3512.92
1509.94 7487.26
8464.88 4421.46
8660.70 2864.87
8775.31 2810.24
5831.98 7434.54
8879.96 2499.92
7723.12 2739.54
7986.02 3099.14
4779.21 5932.21
6899.94 3596.74
8517.80 3071.33
6115.28 6623.66
8630.47 3400.34
9161.70 3333.60
8652.94 2152.13
7481.79 2429.74
8655.86 3005.42
6491.30 3412.83
8478.32 2865.99
1954.64 7053.91
7336.42 4083.27
6114.28 8528.47
8369.95 3241.14
7084.64 7437.28
7280.03 3018.09
8774.08 2825.48
6233.14 3639.79
6822.42 5169.59
2220.35 4645.54
4815.82 4029.43
4540.83 8421.04
7546.53 2620.11
8525.82 2754.18
7705.97 3113.87
7854.78 3187.87
5778.50 6472.39
9002.41 2460.83
8569.60 2872.86
3847.46 4089.58
7791.72 3008.38
8275.34 3193.31
5557.21 9366.24
1226.27 6564.32
5886.46 4867.08
5381.86 3700.11
9073.76 1859.76
9245.66 2101.02
4303.48 8892.98
4244.95 6670.01
5832.53 8463.18
4801.77 6594.68
7480.35 7163.74
4364.13 6167.02
8572.27 2890.28
7315.14 3814.89
9096.33 2521.72
8597.32 2839.69
8734.84 5430.60
7861.56 3023.07
9010.18 3325.50
4883.47 7089.63
7655.10 1350.53
3873.68 8606.92
8998.65 2697.53
5977.19 6345.98
8574.50 2519.20
8706.66 2876.15
5300.40 3754.26
8534.82 2262.07
9774.56 1803.87
7332.12 3214.72
5976.34 6336.77
9204.24 6739.53
7330.30 4110.27
7940.37 3112.51
4498.33 8378.74
4397.11 7410.61
4022.59 4175.26
9202.16 3283.92
5219.79 7000.90
7830.87 2886.05
8561.90 5874.53
1207.60 6252.00
8435.83 2793.24
1722.40 5963.12
2780.83 5245.20
8402.34 2422.93
5923.21 6475.71
5070.19 6233.68
8937.01 7253.16
8752.29 2391.53
8050.91 2673.84
7339.39 7348.20
5573.15 3491.82
4283.72 8986.43
8712.70 2504.22
9207.44 3242.62
4972.21 5759.01
2361.82 5263.19
8971.07 2229.70
8845.11 2780.65
7421.49 4927.35
5292.25 8410.12
7929.48 3310.96
4157.71 6730.50
8349.20 4500.96
5140.77 8614.87
5305.27 9514.62
8807.61 5336.55
3735.16 9099.31
5790.44 3611.55
5041.41 8656.38
6371.09 3482.31
4486.17 8383.09
7329.53 3554.79
4629.58 5950.76
3220.63 4745.68
7997.53 2802.03
8816.11 7564.72
9050.92 2753.70
8202.17 3391.22
8232.27 2874.91
7378.22 3062.18
2312.09 5454.47
8222.81 4754.65
4782.02 6037.65
4697.03 8178.88
8578.47 2682.52
8782.46 2855.87
8849.50 2793.22
6534.83 5673.36
7746.91 3266.94
7579.29 2881.67
7436.87 5245.74
3217.93 7062.24
7635.48 3344.35
8016.59 2833.78
7858.14 3198.33
5397.02 4188.80
8486.64 3253.86
5219.23 4084.76
1411.39 7575.00
9329.44 1925.74
3912.13 8882.25
9374.96 2103.97
8323.50 2703.56
7874.90 3013.57
8701.05 2415.95
1966.06 5886.65
9026.48 1882.01
5152.51 6706.27
5978.43 3449.55
7332.06 3513.81
4426.95 6129.37
9384.94 2156.62
8957.87 2191.61
5124.03 5645.93
