7560 5144 17 2060 5698 6352 2581 1038 3879 6025 4466 1810 2459 4952 5246 3138 2134 3705 5099 4192 
9502 9316 5796 4136 3900 9409 7556 4966 4018 6655 8483 6261 4492 5336 7569 7372 5377 4914 6452 7470 
6682 1716 844 717 5150 4199 1280 780 2934 4674 2739 1030 1857 3804 3707 1885 1444 2831 3755 2796 
4486 2972 5083 586 9302 3729 4028 2835 4944 6516 3878 3431 3889 5730 5197 3655 3660 4810 5464 4426 
1741 6949 9140 617 7748 4345 8044 4878 4182 6047 6195 6461 4530 5115 6121 6328 5496 4822 5618 6224 
9288 3139 8995 3419 9267 6213 6067 6207 6343 7740 6140 6137 6275 7042 6940 6139 6206 6658 6991 6539 
690 5271 212 3281 5822 2980 2741 1746 4551 4401 2861 2244 3149 4476 3631 2552 2696 3812 4054 3091 
2797 6422 598 7340 236 4609 3510 3969 3788 2423 4060 3739 3878 3105 3241 3899 3809 3492 3173 3570 
7576 4412 8792 1235 3039 5994 6602 5014 2137 4516 6298 5808 3575 3327 5407 6053 4691 3451 4367 5730 
9256 9005 6452 6058 9433 9130 7729 6255 7745 9281 8430 6992 7000 8513 8855 7711 6996 7757 8684 8283 
9112 3627 2118 3687 6226 6370 2872 2902 4956 6298 4621 2887 3929 5627 5460 3754 3408 4778 5543 4607 
1903 1714 1289 9974 4610 1808 1501 5632 7292 3209 1655 3566 6462 5250 2432 2611 5014 5856 3841 2521 
2911 5859 6024 4167 6929 4385 5942 5095 5548 5657 5163 5519 5322 5602 5410 5341 5420 5462 5506 5376 
6611 9155 7227 3314 55 7883 8191 5270 1684 3969 8037 6731 3477 2827 6003 7384 5104 3152 4415 6693 
8931 336 6879 7407 4518 4633 3607 7143 5962 4576 4120 5375 6553 5269 4348 4748 5964 5911 4809 4548 
7265 865 6438 9204 1165 4065 3651 7821 5184 2615 3858 5736 6502 3900 3237 4797 6119 5201 3568 4017 
4824 8144 3765 2573 8662 6484 5955 3169 5618 7573 6219 4562 4393 6595 6896 5391 4477 5494 6746 6143 
6063 1443 7297 3258 1080 3753 4370 5278 2169 2417 4062 4824 3724 2293 3239 4443 4274 3008 2766 3841 
4694 558 6487 3115 6782 2626 3523 4801 4948 4704 3074 4162 4875 4826 3889 3618 4518 4850 4358 3754 
3654 2348 9556 4332 4283 3001 5952 6944 4307 3642 4476 6448 5626 3975 4059 5462 6037 4800 4017 4761 
6527 2639 3875 3840 4933 4583 3257 3857 4386 4758 3920 3557 4122 4572 4339 3738 3839 4347 4455 4039 
8979 909 3666 2915 8808 4944 2287 3290 5861 6876 3615 2789 4576 6369 5246 3202 3682 5472 5807 4224 
6999 8980 9216 1679 2269 7990 9098 5447 1974 5129 8544 7273 3711 3552 6837 7908 5492 3631 5194 7372 
4261 1181 8248 5192 5871 2721 4714 6720 5531 4296 3718 5717 6126 4914 4007 4717 5921 5520 4460 4362 
9429 4591 1816 6748 5735 7010 3203 4282 6241 6372 5107 3743 5261 6307 5739 4425 4502 5784 6023 5082 
7676 2665 1924 1730 8165 5170 2295 1827 4947 6667 3733 2061 3387 5807 5200 2897 2724 4597 5504 4048 
821 3413 1470 9565 6928 2117 2442 5518 8247 4522 2279 3980 6882 6384 3401 3130 5431 6633 4893 3265 
1244 8378 2620 7852 5024 4811 5499 5236 6438 4918 5155 5367 5837 5678 5036 5261 5602 5757 5357 5149 
1615 23 6167 892 3812 819 3095 3530 2352 2316 1957 3313 2941 2334 2137 2635 3127 2637 2235 2386 
2849 3914 9270 9904 237 3382 6592 9587 5071 1809 4987 8090 7329 3440 3398 6538 7709 5385 3419 4968 
9720 6858 6755 6421 7442 8289 6807 6588 6931 7866 7548 6697 6759 7398 7707 7123 6728 7079 7553 7415 
2527 7698 948 9000 6071 5113 4323 4974 7536 5592 4718 4649 6255 6564 5155 4683 5452 6409 5859 4919 
7527 2489 3800 5724 803 5008 3145 4762 3264 2905 4076 3954 4013 3085 3491 4015 3983 3549 3288 3753 
8628 2086 5599 6379 282 5357 3843 5989 3330 2819 4600 4916 4660 3075 3710 4758 4788 3867 3392 4234 
4860 6302 9732 9599 1235 5581 8017 9665 5417 3408 6799 8841 7541 4413 5104 7820 8191 5977 4758 6462 
9852 3543 8254 3178 8200 6697 5898 5716 5689 7448 6298 5807 5702 6568 6873 6052 5755 6135 6721 6463 
3139 4394 405 2314 6876 3767 2400 1360 4595 5321 3083 1880 2977 4958 4202 2481 2428 3968 4580 3342 
1166 14 2172 3695 791 590 1093 2933 2243 691 842 2013 2588 1467 766 1427 2301 2028 1117 1097 
1910 8378 5601 7852 549 5144 6989 6726 4200 2846 6066 6858 5463 3523 4456 6462 6160 4493 3990 5459 
2535 7684 1244 1344 2079 5109 4464 1294 1711 3594 4787 2879 1503 2653 4190 3833 2191 2078 3421 4011 
1433 1576 920 4571 9871 1505 1248 2746 7221 5688 1376 1997 4984 6455 3532 1687 3490 5719 4993 2609 
4707 2550 5801 109 8615 3629 4176 2955 4362 6122 3902 3565 3658 5242 5012 3734 3612 4450 5127 4373 
4920 25 2584 8638 6202 2473 1305 5611 7420 4337 1889 3458 6516 5879 3113 2673 4987 6197 4496 2893 
5388 2922 6092 8227 3487 4155 4507 7160 5857 3821 4331 5833 6508 4839 4076 5082 6171 5674 4457 4579 
6105 9251 174 8614 6997 7678 4712 4394 7805 7338 6195 4553 6100 7571 6766 5374 5326 6835 7169 6070 
1901 3609 2562 3544 7399 2755 3085 3053 5471 5077 2920 3069 4262 5274 3998 2995 3666 4768 4636 3496 
215 5254 7842 5090 350 2735 6548 6466 2720 1543 4641 6507 4593 2131 3092 5574 5550 3362 2612 4333 
4907 4983 9806 3212 2736 4945 7395 6509 2974 3840 6170 6952 4741 3407 5005 6561 5847 4074 4206 5783 
3439 7551 3569 223 5601 5495 5560 1896 2912 5548 5528 3728 2404 4230 5538 4628 3066 3317 4884 5083 
1091 774 7672 5746 4989 933 4223 6709 5367 2961 2578 5466 6038 4164 2769 4022 5752 5101 3467 3396 
6908 5260 591 1470 1171 6084 2925 1030 1320 3628 4505 1978 1175 2474 4066 3241 1577 1825 3270 3654 
6843 802 5795 1563 8779 3822 3299 3679 5171 6301 3561 3489 4425 5736 4931 3525 3957 5080 5333 4228 
4257 645 6925 9363 2969 2451 3785 8144 6166 2710 3118 5965 7155 4438 2914 4541 6560 5796 3676 3728 
9954 8270 4382 5944 3222 9112 6326 5163 4583 6167 7719 5744 4873 5375 6943 6731 5308 5124 6159 6837 
8804 1033 471 3769 533 4918 752 2120 2151 2726 2835 1436 2136 2438 2780 2135 1786 2287 2609 2458 
4925 445 1457 7118 1266 2685 951 4287 4192 1975 1818 2619 4240 3084 1897 2219 3429 3662 2490 2058 
2034 4327 4372 8053 2912 3181 4350 6213 5482 3046 3765 5281 5848 4264 3406 4523 5564 5056 3835 3965 
7752 7165 2972 5760 9331 7458 5069 4366 7546 8395 6264 4717 5956 7970 7329 5490 5336 6963 7650 6410 
3867 7102 6397 7767 4999 5485 6749 7082 6383 5242 6117 6916 6732 5812 5679 6516 6824 6272 5746 6098 
1283 2472 3414 952 7927 1878 2943 2183 4440 4902 2410 2563 3311 4671 3656 2487 2937 3991 4164 3071 
6425 2738 4394 8854 8743 4582 3566 6624 8798 6662 4074 5095 7711 7730 5368 4585 6403 7721 6549 4976 
9305 7475 5360 164 230 8390 6417 2762 197 4310 7404 4590 1479 2254 5857 5997 3035 1866 4055 5927 
8425 5882 5257 6869 6465 7154 5569 6063 6667 6809 6362 5816 6365 6738 6585 6089 6090 6551 6662 6337 
7495 5572 6153 2244 9329 6533 5863 4199 5787 7931 6198 5031 4993 6859 7065 5614 5012 5926 6962 6339 
6781 1919 5077 2153 6725 4350 3498 3615 4439 5538 3924 3556 4027 4988 4731 3740 3792 4508 4860 4236 
8925 6848 9650 1564 6934 7886 8249 5607 4249 7410 8067 6928 4928 5830 7739 7498 5928 5379 6784 7618 
2834 8486 9159 9774 0 5660 8823 9467 4887 2830 7241 9145 7177 3859 5036 8193 8161 5518 4447 6614 
2124 4822 5895 1829 9327 3473 5358 3862 5578 6400 4416 4610 4720 5989 5408 4513 4665 5354 5698 4960 
2409 840 3415 5019 3333 1625 2128 4217 4176 2479 1876 3172 4197 3327 2177 2524 3685 3762 2752 2351 
6884 9666 5379 6913 4491 8275 7523 6146 5702 6383 7899 6834 5924 6043 7141 7367 6379 5983 6592 7254 
2625 2639 294 2972 2201 2632 1466 1633 2587 2417 2049 1550 2110 2502 2233 1799 1830 2306 2367 2016 
7227 7794 2779 8060 7664 7511 5286 5420 7862 7587 6399 5353 6641 7725 6993 5876 5997 7183 7359 6434 
8913 7271 5740 3791 885 8092 6506 4765 2338 4488 7299 5636 3551 3413 5893 6467 4594 3482 4653 6180 
2580 4141 8852 2976 903 3360 6496 5914 1940 2132 4928 6205 3927 2036 3530 5567 5066 2981 2783 4548 
3149 4182 9175 3577 1163 3665 6678 6376 2370 2414 5172 6527 4373 2392 3793 5850 5450 3383 3093 4821 
5524 4981 7536 888 1596 5252 6258 4212 1242 3424 5755 5235 2727 2333 4589 5495 3981 2530 3461 5042 
442 4972 7005 7507 5961 2707 5989 7256 6734 4334 4348 6622 6995 5534 4341 5485 6809 6264 4937 4913 
3926 1749 1852 1218 9211 2837 1800 1535 5214 6024 2319 1668 3375 5619 4171 1993 2521 4497 4895 3082 
7643 1617 4088 820 3094 4630 2853 2454 1957 3862 3741 2653 2206 2909 3802 3197 2430 2558 3356 3500 
374 8043 5348 3838 6387 4208 6695 4593 5113 5298 5452 5644 4853 5205 5375 5548 5249 5029 5290 5461 
117 4329 6295 1783 5348 2223 5312 4039 3565 3785 3767 4675 3802 3675 3776 4221 4239 3739 3726 3999 
7766 5539 8802 7867 9322 6653 7171 8335 8595 7987 6912 7753 8465 8291 7450 7332 8108 8378 7870 7391 
8835 2005 2356 7461 7387 5420 2180 4909 7424 6404 3800 3544 6166 6914 5102 3672 4855 6540 6008 4387 
1563 7151 7130 4089 6049 4357 7140 5609 5069 5203 5749 6375 5339 5136 5476 6062 5857 5238 5306 5769 
6992 8249 8941 759 5906 7620 8595 4850 3332 6763 8108 6722 4091 5048 7435 7415 5407 4569 6242 7425 
9751 4888 6122 2645 9733 7319 5505 4383 6189 8526 6412 4944 5286 7358 7469 5678 5115 6322 7413 6573 
4793 3289 9693 6565 4376 4041 6491 8129 5471 4208 5266 7310 6800 4839 4737 6288 7055 5820 4788 5512 
4117 7840 6749 9514 4309 5978 7294 8131 6911 5143 6636 7713 7521 6027 5890 7175 7617 6774 5959 6532 
2013 4544 7641 3074 4459 3278 6092 5357 3767 3869 4685 5725 4562 3818 4277 5205 5143 4190 4047 4741 
815 5326 2569 988 1738 3070 3947 1779 1363 2404 3509 2863 1571 1883 2956 3186 2217 1727 2420 3071 
7066 8935 8029 7767 6110 8001 8482 7898 6939 7055 8241 8190 7418 6997 7648 8216 7804 7208 7322 7932 
2527 927 2968 9845 907 1727 1947 6406 5376 1317 1837 4177 5891 3346 1577 3007 5034 4619 2461 2292 
5791 5029 6124 7836 8697 5410 5577 6980 8266 7053 5493 6278 7623 7660 6273 5886 6951 7641 6967 6080 
4375 4777 7299 2382 9953 4576 6038 4841 6168 7265 5307 5440 5504 6716 6286 5373 5472 6110 6501 5830 
2171 2176 7393 3278 8439 2173 4784 5335 5858 5306 3479 5060 5597 5582 4392 4269 5328 5590 4987 4331 
3463 8596 8013 6765 2917 6030 8304 7389 4841 4474 7167 7847 6115 4657 5820 7507 6981 5386 5239 6664 
4382 4886 9165 7178 8450 4634 7026 8172 7814 6542 5830 7599 7993 7178 6186 6714 7796 7586 6682 6450 
6155 5180 3468 4835 8133 5667 4324 4152 6484 6900 4996 4238 5318 6692 5948 4617 4778 6005 6320 5282 
1200 7057 6959 6784 8110 4129 7008 6872 7447 6119 5568 6940 7160 6783 5844 6254 7050 6971 6313 6049 
3679 2931 7598 3798 6050 3305 5264 5698 4924 4678 4285 5481 5311 4801 4481 4883 5396 5056 4641 4682 
5204 8358 7221 3263 6519 6781 7790 5242 4891 6650 7285 6516 5067 5770 6968 6901 5791 5419 6369 6934 
6147 5067 9945 5606 8903 5607 7506 7776 7254 7255 6557 7641 7515 7255 6906 7099 7578 7385 7080 7002 
9416 6938 8206 9609 5013 8177 7572 8908 7311 6595 7875 8240 8110 6953 7235 8057 8175 7531 7094 7646 
8799 3523 5918 3580 7743 6161 4721 4749 5662 6952 5441 4735 5205 6307 6196 5088 4970 5756 6251 5642 
9397 1026 7568 1226 8249 5212 4297 4397 4737 6730 4754 4347 4567 5734 5742 4551 4457 5150 5738 5147 
9847 6737 8793 6605 7557 8292 7765 7699 7081 7924 8028 7732 7390 7503 7976 7880 7561 7446 7740 7928 
9868 9688 8720 1833 9649 9778 9204 5277 5741 9713 9491 7240 5509 7727 9602 8366 6375 6618 8665 8984 
2597 4226 2523 3491 9174 3411 3374 3007 6333 6293 3393 3191 4670 6313 4843 3292 3930 5491 5578 4067 
3113 6948 4743 8981 1778 5030 5845 6862 5379 3404 5438 6353 6120 4391 4421 5896 6237 5256 4406 5158 
8615 8519 5703 4628 7155 8567 7111 5166 5892 7861 7839 6138 5529 6876 7850 6989 5833 6202 7363 7419 
311 2838 6350 9066 4845 1574 4594 7708 6955 3210 3084 6151 7332 5082 3147 4617 6741 6207 4115 3882 
4424 8039 5439 1615 4965 6232 6739 3527 3290 5598 6485 5133 3409 4444 6042 5809 4271 3927 5243 5926 
940 2975 9139 3179 9601 1957 6057 6159 6390 5779 4007 6108 6274 6085 4893 5057 6191 6180 5489 4975 
9549 8734 8760 2080 5741 9141 8747 5420 3910 7441 8944 7083 4665 5676 8193 8014 5874 5170 6934 8103 
4499 4164 8927 3098 9691 4332 6545 6012 6394 7012 5439 6279 6203 6703 6225 5859 6241 6453 6464 6042 
1326 6011 4276 737 65 3669 5144 2507 401 1867 4406 3825 1454 1134 3136 4116 2639 1294 2135 3626 
8486 7643 1803 2591 8504 8065 4723 2197 5547 8284 6394 3460 3872 6916 7339 4927 3666 5394 7127 6133 
5399 511 3827 1159 2653 2955 2169 2493 1906 2804 2562 2331 2200 2355 2683 2447 2265 2277 2519 2565 
3555 8285 114 4707 423 5920 4200 2411 2565 3172 5060 3305 2488 2868 4116 4182 2897 2678 3492 4149 
6452 1138 2293 8857 1201 3795 1716 5575 5029 2498 2755 3645 5302 3764 2627 3200 4474 4533 3195 2914 
2552 3694 8616 8566 1624 3123 6155 8591 5095 2373 4639 7373 6843 3734 3506 6006 7108 5288 3620 4756 
4647 2334 1018 8490 5680 3491 1676 4754 7085 4585 2583 3215 5919 5835 3584 2899 4567 5877 4710 3242 
6428 7433 2850 7211 494 6930 5142 5030 3852 3712 6036 5086 4442 3782 4874 5561 4764 4112 4328 5218 
238 6685 8607 1727 8960 3462 7646 5167 5343 6211 5554 6407 5255 5777 5882 5980 5831 5516 5830 5931 
7502 5990 347 5799 776 6746 3168 3073 3288 3761 4957 3121 3180 3525 4359 4039 3151 3352 3942 4199 
5220 7513 8844 4619 7424 6366 8179 6732 6022 6895 7272 7455 6377 6459 7084 7364 6916 6418 6771 7224 
8419 5382 6014 5644 7101 6900 5698 5829 6372 7000 6299 5763 6101 6686 6650 6031 5932 6393 6668 6341 
3089 2148 3084 428 5336 2618 2616 1756 2882 3977 2617 2186 2319 3429 3297 2402 2252 2874 3363 2849 
7792 8073 4649 845 6529 7933 6361 2747 3687 7231 7147 4554 3217 5459 7189 5850 3885 4338 6324 6520 
2105 2777 3680 7014 9132 2441 3229 5347 8073 5786 2835 4288 6710 6929 4311 3561 5499 6820 5620 3936 
1976 4795 2784 552 9889 3386 3790 1668 5220 6637 3588 2729 3444 5929 5112 3158 3086 4686 5520 4135 
3586 5797 516 7841 4630 4691 3156 4179 6236 4661 3924 3668 5207 5448 4292 3796 4437 5328 4870 4044 
8357 9669 3953 8101 9654 9013 6811 6027 8877 9333 7912 6419 7452 9105 8622 7165 6935 8278 8864 7894 
6582 9137 5094 322 8858 7859 7115 2708 4590 8359 7487 4912 3649 6474 7923 6200 4280 5062 7199 7061 
8968 6197 9808 3649 8748 7582 8003 6728 6198 8165 7793 7365 6463 7182 7979 7579 6914 6823 7580 7779 
4222 3331 6306 5133 3151 3776 4818 5720 4142 3464 4297 5269 4931 3803 3880 4783 5100 4367 3842 4332 
4503 7756 8340 8975 562 6129 8048 8657 4768 3346 7089 8353 6713 4057 5217 7721 7533 5385 4637 6469 
7348 7523 7140 588 9245 7435 7332 3864 4917 8340 7383 5598 4391 6629 7862 6491 4994 5510 7245 7176 
7739 9254 3468 4270 6438 8497 6361 3869 5354 7467 7429 5115 4612 6411 7448 6272 4863 5511 6929 6860 
8996 6562 3683 1861 4317 7779 5123 2772 3089 6048 6451 3947 2931 4569 6249 5199 3439 3750 5409 5724 
9387 7356 5462 5520 3874 8372 6409 5491 4697 6123 7390 5950 5094 5410 6757 6670 5522 5252 6083 6713 
4534 8000 5829 2912 3740 6267 6915 4370 3326 5004 6591 5643 3848 4165 5797 6117 4745 4006 4981 5957 
8617 3389 171 6777 1770 6003 1780 3474 4273 3886 3892 2627 3874 4080 3889 3259 3250 3977 3984 3574 
4205 9708 7509 5633 761 6957 8608 6571 3197 3859 7783 7590 4884 3528 5821 7686 6237 4206 4674 6753 
5434 9390 9753 9893 9315 7412 9571 9823 9604 8363 8491 9697 9713 8984 8427 9094 9705 9348 8705 8761 
2259 9730 2283 1356 7882 5995 6006 1819 4619 6938 6000 3913 3219 5779 6469 4957 3566 4499 6124 5713 
2078 327 5552 4563 89 1202 2939 5058 2326 646 2071 3998 3692 1486 1358 3035 3845 2589 1422 2196 
6951 423 7244 5207 6384 3687 3834 6225 5795 5035 3760 5029 6010 5415 4398 4395 5520 5713 4906 4396 
3096 4518 9101 7824 95 3807 6809 8463 3959 1951 5308 7636 6211 2955 3629 6472 6923 4583 3292 5051 
2626 1679 1715 312 1820 2152 1697 1013 1066 1986 1924 1355 1039 1526 1955 1640 1197 1283 1740 1797 
3801 9775 1643 4127 9642 6788 5709 2885 6884 8215 6248 4297 4884 7550 7232 5273 4591 6217 7391 6252 
3931 6860 3607 7552 9547 5396 5234 5579 8549 7471 5315 5406 7064 8010 6393 5361 6235 7537 7202 5877 
8129 288 8773 7216 8320 4208 4531 7995 7768 6264 4370 6263 7881 7016 5317 5316 7072 7449 6166 5316 
8916 3832 2902 5873 8982 6374 3367 4387 7427 7678 4871 3877 5907 7552 6274 4374 4892 6730 6913 5324 
3106 7322 9680 4953 7933 5214 8501 7317 6443 6574 6858 7909 6880 6508 6716 7383 7394 6694 6612 7049 
4408 7303 2764 1813 379 5856 5033 2288 1096 3117 5445 3661 1692 2106 4281 4553 2676 1899 3194 4417 
3555 8630 4525 3057 240 6093 6578 3791 1648 3166 6335 5184 2720 2407 4751 5760 3952 2563 3579 5255 
5159 8841 1296 5702 6196 7000 5068 3499 5949 6598 6034 4284 4724 6274 6316 5159 4504 5499 6295 5737 
981 9943 6937 5079 9128 5462 8440 6008 7103 7295 6951 7224 6556 7199 7123 7087 6890 6877 7161 7105 
5215 881 9472 6724 7040 3048 5176 8098 6882 5044 4112 6637 7490 5963 4578 5375 7063 6726 5270 4976 
1862 7996 3382 8876 4882 4929 5689 6129 6879 4905 5309 5909 6504 5892 5107 5609 6207 6198 5500 5358 
2886 1486 3410 5153 2274 2186 2448 4281 3713 2230 2317 3364 3997 2971 2273 2841 3681 3484 2622 2557 
2945 3688 1272 1409 9663 3317 2480 1341 5536 6490 2898 1910 3438 6013 4694 2404 2674 4726 5353 3549 
9558 9687 8975 7233 9409 9623 9331 8104 8321 9516 9477 8717 8213 8919 9496 9097 8465 8566 9207 9297 
6312 7311 2944 2821 3989 6812 5127 2882 3405 5400 5970 4005 3144 4403 5685 4987 3574 3773 5044 5336 
8573 1508 7010 4499 2589 5041 4259 5754 3544 3815 4650 5007 4649 3679 4232 4828 4828 4164 3956 4530 
8694 4130 9423 1422 6822 6412 6776 5422 4122 6617 6594 6099 4772 5370 6606 6347 5436 5071 5988 6476 
3756 2116 1025 2222 732 2936 1570 1623 1477 1834 2253 1597 1550 1656 2044 1925 1573 1603 1850 1984 
3612 8672 2159 4729 1563 6142 5415 3444 3146 3853 5779 4429 3295 3499 4816 5104 3862 3397 4157 4960 
6913 2379 7478 2859 3140 4646 4928 5169 3000 3893 4787 5048 4084 3446 4340 4918 4566 3765 3893 4629 
2333 8721 4310 4570 9680 5527 6516 4440 7125 7604 6021 5478 5783 7364 6812 5750 5630 6573 7088 6281 
7467 9923 647 5073 2631 8695 5285 2860 3852 5663 6990 4073 3356 4758 6327 5531 3714 4057 5542 5929 
5240 7316 7638 817 1087 6278 7477 4227 952 3682 6877 5852 2590 2317 5280 6365 4221 2453 3798 5822 
1409 2995 7046 5802 1073 2202 5020 6424 3437 1637 3611 5722 4931 2537 2624 4666 5326 3734 2581 3645 
3847 3176 967 1079 560 3511 2072 1023 819 2036 2791 1547 921 1427 2414 2169 1234 1174 1920 2291 
8236 3554 6208 822 1612 5895 4881 3515 1217 3753 5388 4198 2366 2485 4571 4793 3282 2426 3528 4682 
314 7545 2795 8990 8981 3930 5170 5892 8986 6455 4550 5531 7439 7721 5503 5040 6485 7580 6612 5271 
3768 7481 8272 4714 250 5624 7877 6493 2482 2937 6751 7185 4487 2709 4844 6968 5836 3598 3777 5906 
1670 5659 8627 3709 1753 3664 7143 6168 2731 2708 5404 6655 4449 2720 4056 6029 5552 3584 3388 5043 
1680 1058 6699 6425 9498 1369 3879 6562 7961 5433 2624 5220 7262 6697 4029 3922 6241 6980 5363 3976 
1149 4231 3939 3936 2095 2690 4085 3938 3016 2393 3387 4011 3477 2704 2890 3699 3744 3090 2797 3295 
6787 5635 5054 1409 670 6211 5345 3231 1039 3441 5778 4288 2135 2240 4609 5033 3212 2188 3425 4821 
7746 6054 8488 5189 891 6899 7271 6838 3040 3895 7085 7055 4939 3468 5490 7070 5997 4203 4479 6280 
1263 2711 1353 6595 677 1987 2032 3974 3636 1332 2009 3003 3805 2484 1671 2506 3404 3144 2077 2088 
9258 1451 6393 8775 5037 5354 3922 7584 6906 5196 4638 5753 7245 6051 4917 5196 6499 6648 5484 5056 
7838 1672 1034 8977 9556 4755 1353 5006 9267 7156 3054 3179 7136 8211 5105 3117 5158 7674 6658 4111 
1187 4192 8030 1397 7398 2690 6111 4713 4397 5044 4400 5412 4555 4720 4722 4906 4984 4638 4721 4814 
4218 8278 1679 4176 298 6248 4978 2927 2237 3273 5613 3953 2582 2755 4443 4783 3267 2669 3599 4613 
9286 3259 4594 2243 5621 6272 3926 3418 3932 5947 5099 3672 3675 4939 5523 4386 3674 4307 5231 4954 
8333 600 2449 2211 6685 4467 1524 2330 4448 5576 2995 1927 3389 5012 4286 2461 2658 4200 4649 3373 
3347 7262 5724 9402 2010 5305 6493 7563 5706 3657 5899 7028 6635 4682 4778 6464 6831 5658 4730 5621 
118 5639 8183 9699 8002 2878 6911 8941 8850 5440 4895 7926 8896 7145 5167 6411 8411 8020 6156 5789 
8489 1391 5351 153 4560 4940 3371 2752 2356 4750 4155 3061 2554 3553 4453 3608 2808 3054 4003 4030 
3688 7999 5353 7540 7136 5843 6676 6447 7338 6489 6259 6561 6892 6914 6374 6410 6727 6903 6644 6392 
6176 6870 3007 7815 2882 6523 4938 5411 5348 4702 5730 5174 5380 5025 5216 5452 5277 5203 5121 5334 
7187 1162 490 6345 6746 4174 826 3417 6545 5460 2500 2122 4981 6002 3980 2311 3551 5492 4991 3145 
9376 239 2693 5828 1418 4807 1466 4260 3623 3113 3137 2863 3942 3368 3125 3000 3402 3655 3246 3062 
7684 3775 6478 8610 5787 5729 5127 7544 7198 5758 5428 6335 7371 6478 5593 5882 6853 6925 6036 5737 
6942 9691 5212 1328 7232 8316 7451 3270 4280 7774 7884 5361 3775 6027 7829 6622 4568 4901 6928 7225 
3053 4675 4689 4833 4452 3864 4682 4761 4643 4158 4273 4722 4702 4400 4215 4497 4712 4551 4308 4356 
9725 5981 8104 9368 2870 7853 7043 8736 6119 5362 7448 7889 7428 5741 6405 7669 7658 6584 6073 7037 
2686 4937 904 384 8478 3812 2921 644 4431 6145 3366 1782 2537 5288 4755 2574 2160 3913 5022 3665 
9582 857 6666 6278 6807 5219 3761 6472 6543 6013 4490 5117 6507 6278 5252 4803 5812 6393 5765 5028 
3940 3652 155 3028 3014 3796 1904 1592 3021 3405 2850 1748 2306 3213 3127 2299 2027 2760 3170 2713 
5210 2445 8263 912 4784 3827 5354 4587 2848 4306 4591 4970 3717 3577 4448 4780 4344 3647 4012 4614 
5498 4704 7586 8656 3340 5101 6145 8121 5998 4221 5623 7133 7060 5110 4922 6378 7096 6085 5016 5650 
8483 2774 3928 8741 9335 5628 3351 6334 9038 7481 4490 4843 7686 8260 5986 4666 6264 7973 7123 5326 
4761 2851 3757 5187 2122 3806 3304 4472 3654 2964 3555 3888 4063 3309 3259 3721 3975 3686 3284 3490 
7222 4455 8874 8665 9577 5838 6664 8770 9121 7708 6251 7717 8945 8415 6979 6984 8331 8680 7697 6982 
7063 6882 8346 1924 8361 6972 7614 5135 5143 7667 7293 6374 5139 6405 7480 6834 5757 5772 6942 7157 
7977 3764 7196 7301 1988 5871 5480 7248 4645 3929 5675 6364 5947 4287 4802 6020 6155 5117 4545 5411 
3751 8888 1466 8847 124 6319 5177 5157 4486 3222 5748 5167 4821 3854 4485 5457 4994 4338 4169 4971 
9562 7916 5077 2943 8085 8739 6497 4010 5514 8412 7618 5253 4762 6963 8015 6435 5008 5863 7489 7225 
1171 67 1151 4494 473 619 609 2822 2483 546 614 1716 2653 1515 580 1165 2184 2084 1047 872 
1545 7519 6346 5635 5548 4532 6933 5990 5591 5040 5732 6462 5791 5316 5386 6097 6126 5553 5351 5742 
934 9635 3200 3228 6102 5285 6418 3214 4665 5693 5851 4816 3940 5179 5772 5334 4378 4559 5476 5553 
7033 1132 9399 9688 7764 4083 5266 9543 8726 5923 4674 7404 9134 7324 5299 6039 8269 8229 6312 5669 
53 133 1587 946 2880 93 860 1266 1913 1487 477 1063 1590 1700 982 770 1326 1645 1341 876 
613 2689 7388 6562 5062 1651 5039 6975 5812 3357 3345 6007 6394 4584 3351 4676 6200 5489 3967 4013 
3376 4254 2106 6553 7513 3815 3180 4329 7033 5664 3497 3755 5681 6349 4581 3626 4718 6015 5465 4103 
7692 4934 5765 2938 3516 6313 5350 4351 3227 4915 5831 4850 3789 4071 5373 5341 4320 3930 4722 5357 
4018 2894 9578 3755 9947 3456 6236 6667 6851 6702 4846 6451 6759 6777 5774 5648 6605 6768 6275 5711 
7379 7648 9743 1501 7354 7513 8695 5622 4427 7433 8104 7158 5025 5931 7769 7631 6092 5477 6850 7700 
1544 68 5861 976 277 806 2964 3419 626 541 1885 3191 2022 584 1213 2538 2607 1303 898 1876 
3030 2438 5575 3429 6038 2734 4007 4502 4734 4386 3370 4255 4618 4560 3878 3812 4436 4589 4219 3845 
4953 7816 2232 5656 1904 6384 5024 3944 3780 4144 5704 4484 3862 3962 4924 5094 4173 3912 4443 5009 
4812 7528 7496 973 23 6170 7512 4235 498 3096 6841 5873 2366 1797 4969 6357 4120 2082 3383 5663 
9201 9747 904 8785 505 9474 5326 4845 4645 4989 7400 5085 4745 4817 6195 6243 4915 4781 5506 6219 
9585 2734 757 6008 9037 6160 1745 3382 7523 7598 3952 2564 5452 7560 5775 3258 4008 6506 6668 4517 
2582 4767 6390 2607 6582 3674 5578 4498 4594 5128 4626 5038 4546 4861 4877 4832 4792 4704 4869 4855 
474 609 2783 8548 3706 542 1696 5665 6127 2124 1119 3681 5896 4125 1621 2400 4788 5011 2873 2011 
2602 9987 1845 1956 4761 6294 5916 1900 3358 5527 6105 3908 2629 4443 5816 5006 3268 3536 5129 5411 
5593 156 8752 918 1234 2874 4454 4835 1076 2054 3664 4645 2955 1565 2859 4154 3800 2260 2212 3507 
9869 9508 6507 3881 4396 9688 8007 5194 4139 7042 8848 6601 4667 5590 7945 7724 5634 5128 6768 7835 
1077 6457 4987 915 7555 3767 5722 2951 4235 5661 4745 4337 3593 4948 5203 4541 3965 4271 5075 4872 
3812 537 1784 9919 2565 2175 1161 5852 6242 2370 1668 3506 6047 4306 2019 2587 4777 5177 3162 2303 
7766 6160 9534 5464 2589 6963 7847 7499 4026 4776 7405 7673 5763 4401 6091 7539 6718 5082 5246 6815 
78 3826 7447 7181 117 1952 5637 7314 3649 1035 3794 6475 5481 2342 2415 5135 5978 3912 2378 3775 
5711 4742 1671 5767 9287 5226 3207 3719 7527 7257 4216 3463 5623 7392 5737 3840 4543 6507 6564 4788 
8709 8490 7642 7594 4073 8600 8066 7618 5834 6336 8333 7842 6726 6085 7335 8088 7284 6405 6710 7711 
7567 9317 7557 4027 1016 8442 8437 5792 2521 4729 8440 7114 4157 3625 6584 7777 5635 3891 5104 7181 
6514 6477 7620 1920 2564 6496 7049 4770 2242 4530 6772 5909 3506 3386 5651 6341 4708 3446 4518 5996 
9728 5631 8311 3637 7032 7679 6971 5974 5335 7356 7325 6472 5654 6345 7340 6899 6063 6000 6843 7120 
2122 2612 7055 6151 2035 2367 4833 6603 4093 2201 3600 5718 5348 3147 2900 4659 5533 4247 3024 3780 
655 9809 3427 4733 5139 5232 6618 4080 4936 5185 5925 5349 4508 5060 5555 5637 4928 4784 5308 5596 
2650 6845 7917 7205 7833 4747 7381 7561 7519 6290 6064 7471 7540 6905 6177 6768 7506 7222 6541 6472 
6917 6828 5346 44 9329 6872 6087 2695 4686 8101 6480 4391 3691 6394 7290 5435 4041 5042 6842 6363 
8100 7124 782 7943 2590 7612 3953 4362 5266 5101 5783 4158 4814 5184 5442 4970 4486 4999 5313 5206 
5690 1469 3348 6378 8543 3579 2408 4863 7460 6061 2994 3635 6161 6761 4527 3315 4898 6461 5644 3921 
771 1755 7555 2207 1157 1263 4655 4881 1682 1210 2959 4768 3281 1446 2085 3864 4025 2364 1765 2974 
3880 9535 2526 428 1166 6707 6030 1477 797 3937 6369 3754 1137 2367 5153 5061 2445 1752 3760 5107 
5084 6639 8906 1219 6116 5862 7772 5062 3668 5989 6817 6417 4365 4828 6403 6617 5391 4597 5616 6510 
8454 5194 2975 8249 6707 6824 4084 5612 7478 6766 5454 4848 6545 7122 6110 5151 5697 6834 6616 5631 
5380 1928 1499 7502 8988 3654 1713 4501 8245 6321 2684 3107 6373 7283 4502 2895 4740 6828 5892 3699 
5518 5511 6059 6028 3484 5514 5785 6044 4756 4499 5649 5914 5400 4628 5074 5782 5657 5014 4851 5428 
7779 569 4568 1584 6645 4174 2568 3076 4114 5409 3371 2822 3595 4762 4390 3096 3209 4178 4576 3743 
3417 2408 9940 2495 2769 2913 6174 6217 2632 2841 4543 6196 4425 2736 3692 5369 5310 3580 3214 4531 
5988 6757 7463 147 5151 6373 7110 3805 2649 5762 6741 5458 3227 4205 6252 6100 4342 3716 5228 6176 
495 9823 3412 5824 8257 5159 6617 4618 7040 6708 5888 5618 5829 6874 6298 5753 5723 6352 6586 6025 
7465 8663 5144 7176 505 8064 6904 6160 3841 4285 7484 6532 5001 4063 5884 7008 5766 4532 4973 6446 
8259 723 5004 6270 3061 4491 2864 5637 4665 3776 3677 4250 5151 4220 3726 3964 4701 4686 3973 3845 
8275 4182 3109 7741 3959 6229 3646 5425 5850 5094 4937 4535 5638 5472 5016 4736 5086 5555 5244 4876 
6060 2602 8799 4514 5487 4331 5700 6656 5000 4909 5016 6178 5828 4955 4962 5597 6003 5391 4958 5280 
5228 4547 9849 1048 9795 4887 7198 5449 5422 7341 6043 6323 5435 6381 6692 6183 5879 5908 6537 6437 
5640 7829 421 5025 6014 6734 4125 2723 5519 6374 5430 3424 4121 5947 5902 4427 3773 5034 5924 5164 
4959 9594 3431 651 4483 7277 6513 2041 2567 5880 6895 4277 2304 4223 6387 5586 3290 3263 5305 5987 
54 9609 8051 5550 9898 4831 8830 6800 7724 7365 6830 7815 7262 7544 7098 7323 7539 7403 7321 7210 
5218 7769 7198 6867 149 6493 7483 7033 3508 3321 6988 7258 5270 3414 5155 7123 6264 4342 4285 6139 
1976 9062 9273 769 4650 5519 9168 5021 2710 5084 7343 7095 3866 3897 6214 7219 5480 3881 5056 6716 
2960 7989 5569 6701 215 5474 6779 6135 3458 2845 6127 6457 4797 3151 4486 6292 5627 3974 3819 5389 
3127 5689 6658 3363 2541 4408 6173 5010 2952 3475 5291 5592 3981 3213 4383 5441 4787 3597 3798 4912 
1928 1759 3119 5103 5864 1844 2439 4111 5483 3854 2141 3275 4797 4669 2998 2708 4036 4733 3833 2853 
271 9822 8528 3812 2371 5046 9175 6170 3091 3709 7111 7672 4631 3400 5410 7392 6152 4015 4405 6401 
6262 2925 8811 7071 4528 4594 5868 7941 5799 4561 5231 6904 6870 5180 4896 6067 6887 6025 5038 5482 
4432 4448 3887 5531 3943 4440 4167 4709 4737 4192 4304 4438 4723 4464 4248 4371 4580 4594 4356 4309 
2306 3375 8592 4076 3544 2840 5983 6334 3810 3192 4412 6158 5072 3501 3802 5285 5615 4286 3651 4544 
2184 3413 71 3385 4654 2798 1742 1728 4019 3726 2270 1734 2873 3873 2998 2002 2304 3373 3435 2500 
1925 1976 5708 7879 4493 1951 3842 6794 6186 3222 2896 5318 6490 4704 3059 4107 5904 5597 3881 3583 
1569 3594 424 2068 4811 2581 2009 1246 3439 3696 2295 1627 2342 3567 2996 1961 1985 2955 3281 2478 
9317 2868 7936 6580 1234 6092 5402 7258 3907 3663 5747 6330 5583 3785 4705 6039 5956 4684 4245 5372 
6842 8967 4570 6781 6905 7904 6769 5676 6843 7405 7337 6222 6260 7124 7371 6779 6241 6692 7247 7075 
4794 3130 7827 5808 4730 3962 5479 6818 5269 4346 4721 6148 6043 4808 4533 5434 6096 5425 4670 4984 
5431 6425 6092 7185 7047 5928 6258 6638 7116 6488 6093 6448 6877 6802 6291 6271 6663 6840 6546 6281 
329 4463 4923 4832 5652 2396 4693 4877 5242 4024 3544 4785 5060 4633 3784 4165 4922 4846 4209 3974 
4298 711 9259 2444 6197 2505 4985 5851 4320 4351 3745 5418 5086 4336 4048 4581 5252 4711 4192 4314 
7467 3541 1563 8065 4744 5504 2552 4814 6404 5124 4028 3683 5609 5764 4576 3856 4646 5687 5170 4216 
1779 348 4499 9419 9849 1063 2424 6959 9634 5456 1744 4691 8297 7545 3600 3217 6494 7921 5572 3409 
4624 4881 1216 937 7140 4752 3048 1077 4039 5946 3900 2062 2558 4992 4923 2981 2310 3775 4958 3952 
3355 1440 3234 3159 7126 2397 2337 3196 5142 4762 2367 2767 4169 4952 3564 2567 3468 4561 4258 3066 
7136 2798 1294 2865 7444 4967 2046 2080 5155 6205 3506 2063 3617 5680 4856 2784 2840 4649 5268 3820 
645 1440 3897 9448 4543 1043 2669 6673 6996 2793 1855 4671 6834 4894 2324 3263 5752 5864 3609 2794 
5006 2637 556 9759 1143 3822 1596 5158 5451 2483 2709 3377 5304 3967 2596 3043 4341 4636 3281 2819 
6349 8423 1192 2575 1211 7386 4808 1884 1893 4299 6097 3346 1888 3096 5198 4721 2617 2492 4147 4959 
7037 8666 2424 282 7775 7851 5545 1353 4029 7813 6698 3449 2691 5921 7256 5073 3070 4306 6588 6165 
6609 5957 662 5001 3599 6283 3310 2831 4300 4941 4796 3071 3566 4620 4869 3933 3318 4093 4744 4401 
6965 6939 4364 5088 1643 6952 5652 4726 3365 4297 6302 5189 4046 3831 5300 5745 4617 3938 4565 5522 
5143 2399 770 5450 7012 3771 1585 3110 6231 5392 2678 2347 4671 5811 4035 2513 3509 5241 4923 3274 
1966 3031 5626 7265 7412 2498 4328 6445 7339 4955 3413 5387 6892 6147 4184 4400 6140 6519 5165 4292 
1169 5363 8632 9699 3100 3266 6997 9165 6399 3183 5132 8081 7782 4791 4157 6606 7932 6287 4474 5382 
7874 2544 8504 1321 9705 5209 5524 4913 5513 7457 5366 5218 5213 6485 6412 5292 5216 5849 6448 5852 
7841 7277 5147 2806 5512 7559 6212 3977 4159 6535 6885 5094 4068 5347 6710 5990 4581 4707 6029 6350 
826 3883 89 4210 7187 2354 1986 2149 5698 4771 2170 2068 3924 5235 3470 2119 2996 4579 4352 2795 
3498 4108 8071 3132 3061 3803 6089 5601 3096 3432 4946 5845 4349 3264 4189 5396 5097 3807 3727 4792 
4979 6310 548 5210 4216 5644 3429 2879 4713 4930 4537 3154 3796 4821 4733 3845 3475 4309 4777 4289 
1677 1155 5724 2994 9998 1416 3440 4359 6496 5707 2428 3899 5427 6101 4067 3164 4664 5764 5084 3615 
6601 422 6609 7725 5615 3511 3515 7167 6670 4563 3513 5341 6918 5616 4038 4427 6130 6267 4827 4233 
658 5747 926 7756 5549 3202 3336 4341 6652 4376 3269 3838 5496 5514 3822 3554 4667 5505 4668 3688 
6133 8595 6236 9097 7682 7364 7415 7666 8389 7523 7390 7541 8028 7956 7456 7465 7784 7992 7706 7461 
6710 5028 8349 2095 2821 5869 6688 5222 2458 4345 6279 5955 3840 3401 5312 6117 4897 3620 4356 5714 
4320 2992 4771 3925 6188 3656 3881 4348 5056 4922 3769 4114 4702 4989 4345 3942 4408 4846 4667 4143 
6561 752 6200 3217 3548 3657 3476 4709 3382 3602 3566 4092 4045 3492 3584 3829 4069 3769 3538 3707 
8388 446 1152 8897 2428 4417 799 5024 5662 3422 2608 2911 5343 4542 3015 2760 4127 4943 3779 2887 
2815 8844 1485 2615 9145 5829 5164 2050 5880 7487 5497 3607 3965 6684 6492 4552 3786 5324 6588 5522 
1835 9823 309 6072 416 5829 5066 3190 3244 3122 5447 4128 3217 3183 4285 4788 3673 3200 3734 4536 
3103 4821 2671 5592 2743 3962 3746 4132 4168 3352 3854 3939 4150 3760 3603 3896 4044 3955 3682 3750 
3420 336 9932 5157 1215 1878 5134 7544 3186 1547 3506 6339 5365 2366 2526 4922 5852 3866 2446 3724 
1174 515 7619 2044 2311 845 4067 4832 2178 1578 2456 4449 3505 1878 2017 3453 3977 2691 1947 2735 
7741 8262 5287 8555 6488 8001 6775 6921 7521 7245 7388 6848 7221 7383 7316 7118 7035 7302 7350 7217 
6549 3828 4852 5800 6349 5189 4340 5326 6075 5769 4765 4833 5700 5922 5267 4799 5267 5811 5594 5033 
344 4736 7461 280 3099 2540 6099 3871 1689 2819 4319 4985 2780 2254 3569 4652 3882 2517 2912 4111 
4030 5101 7509 3786 5743 4565 6305 5648 4765 5154 5435 5976 5206 4960 5295 5706 5591 5083 5127 5500 
4020 5524 3065 9268 4875 4772 4295 6167 7071 4824 4534 5231 6619 5947 4679 4882 5925 6283 5313 4780 
2324 3956 2852 7767 860 3140 3404 5310 4313 2000 3272 4357 4812 3157 2636 3815 4584 3984 2896 3225 
8342 8973 3465 5310 2499 8658 6219 4388 3905 5578 7438 5303 4146 4741 6508 6371 4725 4444 5625 6440 
8281 2902 9848 6563 6021 5592 6375 8205 6292 5806 5983 7290 7249 6049 5895 6637 7269 6649 5972 6266 
1360 2220 8554 769 9909 1790 5387 4662 5339 5849 3589 5024 5000 5594 4719 4307 5013 5297 5157 4513 
1470 8129 7662 1432 8535 4799 7896 4547 4983 6667 6347 6221 4765 5825 6507 6284 5493 5295 6166 6396 
1879 9796 5669 6565 473 5837 7733 6117 3519 3155 6785 6925 4818 3337 4970 6855 5871 4077 4153 5912 
2896 5963 4114 1004 3976 4430 5038 2559 2490 4203 4734 3799 2524 3346 4468 4266 3162 2935 3907 4367 
9755 9630 2109 6589 9158 9692 5870 4349 7873 9425 7781 5110 6111 8649 8603 6445 5610 7380 8626 7524 
5545 7204 6777 2493 7401 6375 6990 4635 4947 6888 6683 5812 4791 5918 6785 6248 5302 5354 6351 6516 
9256 9889 883 1862 8050 9573 5386 1373 4956 8811 7479 3379 3164 6884 8145 5429 3272 5024 7514 6787 
4620 1954 270 2846 8625 3287 1112 1558 5735 5956 2200 1335 3647 5846 4078 1767 2491 4746 4962 2923 
9542 4067 8730 8646 6207 6804 6398 8688 7426 6506 6601 7543 8057 6966 6553 7072 7800 7512 6760 6813 
7571 6136 6838 6252 4846 6853 6487 6545 5549 5850 6670 6516 6047 5699 6260 6593 6282 5873 5980 6426 
7237 6290 9363 7702 485 6764 7826 8532 4093 3624 7295 8179 6313 3859 5459 7737 7246 5086 4659 6598 
7048 3560 1533 9501 3467 5304 2546 5517 6484 4385 3925 4031 6000 5435 4155 3978 5016 5718 4795 4067 
9341 8598 3321 722 4127 8969 5959 2022 2425 6548 7464 3991 2223 4486 7006 5727 3107 3355 5746 6367 
6482 2744 599 4860 9629 4613 1671 2729 7244 7121 3142 2200 4987 7183 5132 2671 3594 6085 6157 3901 
6124 7938 9045 991 1801 7031 8492 5018 1396 4416 7762 6755 3207 2906 6089 7258 4981 3056 4497 6673 
5699 8136 4364 8654 2021 6918 6250 6509 5337 4469 6584 6379 5923 4903 5526 6482 6151 5413 5215 6004 
8532 4933 2256 9824 4591 6732 3595 6040 7208 5662 5164 4817 6624 6435 5413 4990 5721 6529 5924 5202 
920 4523 1235 8530 2653 2721 2879 4882 5591 2687 2800 3881 5237 4139 2744 3341 4559 4688 3441 3042 
5956 1729 9008 8650 6219 3843 5369 8829 7435 5031 4606 7099 8132 6233 4818 5852 7616 7182 5526 5335 
7403 4270 6442 2674 2446 5836 5356 4558 2560 4141 5596 4957 3559 3351 4869 5276 4258 3455 4110 5072 
6284 9462 4662 9511 388 7873 7062 7087 4949 4131 7468 7074 6018 4540 5799 7271 6546 5279 5170 6535 
4108 1985 2473 1736 3756 3046 2229 2104 2746 3401 2637 2167 2425 3074 3019 2402 2296 2750 3047 2711 
4766 5354 6136 6970 3725 5060 5745 6553 5347 4393 5402 6149 5950 4870 4898 5776 6049 5410 4884 5337 
4227 4674 5723 1636 6946 4450 5198 3680 4291 5698 4824 4439 3985 4994 5261 4632 4212 4490 5128 4946 
8679 2181 4143 1095 3849 5430 3162 2619 2472 4639 4296 2891 2546 3556 4468 3593 2718 3051 4012 4030 
1398 7453 8406 659 6750 4425 7930 4532 3704 5588 6178 6231 4118 4646 5883 6204 5175 4382 5264 6044 
2793 4135 154 6002 8659 3464 2145 3078 7330 6061 2804 2611 5204 6696 4433 2708 3908 5950 5564 3570 
7867 4727 4385 2777 7263 6297 4556 3581 5020 6780 5427 4069 4300 5900 6103 4748 4185 5100 6001 5425 
117 9194 8152 8917 3345 4655 8673 8534 6131 4000 6664 8603 7332 5065 5332 7634 7968 6199 5199 6483 
8031 761 4818 7066 5147 4396 2790 5942 6106 4772 3593 4366 6024 5439 4182 3979 5195 5732 4811 4081 
2930 2846 3263 7895 6899 2888 3054 5579 7397 4893 2971 4317 6488 6145 3932 3644 5402 6317 5039 3788 
8899 2308 5930 8807 6169 5604 4119 7369 7488 5886 4861 5744 7428 6687 5374 5303 6586 7058 6031 5338 
2904 1683 1909 4676 2374 2293 1796 3293 3525 2334 2045 2544 3409 2929 2189 2294 2977 3169 2559 2242 
5389 3741 9911 1901 1911 4565 6826 5906 1906 3238 5695 6366 3906 2572 4467 6031 5136 3239 3519 5249 
8460 6197 2551 5358 4578 7328 4374 3955 4968 5953 5851 4164 4461 5461 5902 5008 4313 4961 5681 5455 
3152 379 4281 4512 4294 1766 2330 4397 4403 3030 2048 3363 4400 3716 2539 2706 3882 4058 3128 2622 
9010 7435 4710 8504 2336 8222 6072 6607 5420 5279 7147 6340 6014 5350 6213 6743 6177 5682 5781 6478 
6863 5446 7497 792 9980 6154 6472 4145 5386 8067 6313 5308 4765 6726 7190 5811 5037 5746 6958 6500 
8618 7419 274 779 3630 8018 3847 527 2205 5824 5933 2187 1366 4015 5879 4060 1776 2690 4947 4969 
4976 3649 6416 8236 2966 4312 5033 7326 5601 3639 4672 6179 6463 4620 4156 5426 6321 5542 4388 4791 
4922 518 2302 465 4628 2720 1410 1383 2546 3674 2065 1397 1965 3110 2870 1731 1681 2538 2990 2300 
1140 7975 7361 2867 4917 4558 7668 5114 3892 4737 6113 6391 4503 4314 5425 6252 5447 4409 4870 5839 
9961 5340 8118 3095 5188 7650 6729 5606 4141 6419 7190 6168 4874 5280 6804 6679 5521 5077 6042 6741 
1015 2893 2370 5695 631 1954 2632 4032 3163 1293 2293 3332 3598 2228 1793 2812 3465 2913 2010 2303 
5729 7602 646 4683 1071 6665 4124 2664 2877 3868 5395 3394 2771 3373 4631 4394 3082 3071 4002 4513 
8222 62 2786 3595 6995 4142 1424 3191 5295 5568 2783 2307 4243 5432 4176 2545 3275 4837 4804 3361 
8595 8147 8266 8827 6887 8371 8207 8547 7857 7629 8289 8377 8202 7743 7959 8333 8289 7972 7851 8146 
7758 8002 8980 5605 8561 7880 8491 7292 7083 8220 8185 7892 7188 7652 8203 8038 7540 7420 7927 8121 
4420 1909 6009 5583 2013 3165 3959 5796 3798 2589 3562 4878 4797 3193 3075 4220 4837 3995 3134 3648 
4928 7176 9329 226 3849 6052 8252 4778 2038 4951 7152 6515 3408 3494 6051 6834 4961 3451 4773 6443 
6293 1329 6500 6518 344 3811 3915 6509 3431 2077 3863 5212 4970 2754 2970 4537 5091 3862 2862 3754 
7339 5833 459 7812 1107 6586 3146 4135 4459 3846 4866 3641 4297 4153 4356 4253 3969 4225 4255 4305 
421 7739 9148 8861 5925 4080 8444 9005 7393 5003 6262 8724 8199 6198 5632 7493 8462 7198 5915 6563 
3926 4431 147 5528 4824 4179 2289 2838 5176 4501 3234 2563 4007 4839 3868 2899 3285 4423 4353 3383 
1664 3618 105 2423 342 2641 1861 1264 1383 1492 2251 1563 1323 1437 1871 1907 1443 1380 1654 1889 
7693 1778 403 6800 5981 4736 1091 3601 6390 5358 2913 2346 4996 5874 4136 2630 3671 5435 5005 3383 
6159 5406 9620 8244 2086 5782 7513 8932 5165 3934 6647 8223 7049 4550 5291 7435 7636 5799 4920 6363 
6884 3205 2071 6708 1459 5045 2638 4390 4083 3252 3841 3514 4236 3668 3547 3678 3875 3952 3607 3612 
5788 4910 2731 9303 3238 5349 3820 6017 6271 4294 4585 4919 6144 5282 4439 4752 5531 5713 4861 4595 
1063 8652 5946 8969 1014 4858 7299 7457 4992 2936 6078 7378 6224 3964 4507 6728 6801 5094 4235 5618 
5374 3298 8990 1948 6923 4336 6144 5469 4435 5629 5240 5806 4952 5032 5435 5523 5379 4992 5233 5479 
3961 2260 4080 3310 2359 3110 3170 3695 2834 2734 3140 3432 3264 2784 2937 3286 3348 3024 2861 3112 
9250 3438 1618 5196 3424 6344 2528 3407 4310 4884 4436 2967 3858 4597 4660 3702 3413 4228 4628 4181 
6276 4966 8263 9234 2770 5621 6615 8749 6002 4195 6118 7682 7375 5099 5157 6900 7528 6237 5128 6028 
2705 4264 2929 5980 6242 3484 3597 4455 6111 4863 3541 4026 5283 5487 4202 3783 4654 5385 4845 3993 
9349 1897 8109 5438 1976 5623 5003 6774 3707 3800 5313 5889 5241 3753 4557 5601 5565 4497 4155 5079 
5794 2645 9421 6035 9987 4220 6033 7728 8011 7103 5126 6881 7870 7557 6115 6003 7375 7713 6836 6059 
1661 2189 3299 5477 2520 1925 2744 4388 3999 2222 2334 3566 4193 3111 2278 2950 3880 3652 2695 2614 
3672 8757 1776 1460 489 6214 5266 1618 974 3351 5740 3442 1296 2163 4546 4591 2369 1729 3354 4569 
9769 4024 7049 7466 6912 6896 5537 7258 7189 6904 6216 6397 7223 7047 6560 6307 6810 7135 6803 6434 
3631 5051 6391 7021 5237 4341 5721 6706 6129 4789 5031 6214 6418 5459 4910 5622 6316 5938 5185 5266 
2415 2420 9408 7679 5718 2417 5914 8544 6699 4068 4166 7229 7621 5383 4117 5697 7425 6502 4750 4907 
7245 9335 3161 9539 7836 8290 6248 6350 8687 8063 7269 6299 7519 8375 7666 6784 6909 7947 8020 7225 
5977 5920 5166 8672 9895 5949 5543 6919 9283 7922 5746 6231 8101 8603 6834 5988 7166 8352 7718 6411 
1654 7112 5826 5169 8900 4383 6469 5498 7034 6641 5426 5984 6266 6838 6034 5705 6125 6552 6436 5869 
3042 4720 1023 8944 190 3881 2871 4983 4567 2036 3376 3927 4775 3301 2706 3652 4351 4038 3004 3179 
6609 5047 5925 2034 2684 5828 5486 3979 2359 4256 5657 4733 3169 3308 4957 5195 3951 3238 4132 5076 
4965 5946 3526 7454 6754 5456 4736 5490 7104 6105 5096 5113 6297 6604 5600 5104 5705 6451 6102 5352 
5367 5195 6708 5185 2582 5281 5951 5946 3883 3931 5616 5949 4915 3907 4774 5783 5432 4411 4341 5278 
1936 8633 8061 2484 9237 5284 8347 5272 5860 7261 6815 6809 5566 6561 7038 6812 6188 6063 6799 6925 
1246 5612 8699 7336 5944 3429 7156 8017 6640 4687 5292 7586 7329 5663 4989 6439 7458 6496 5326 5714 
3361 9159 678 5540 8570 6260 4918 3109 7055 7415 5589 4014 5082 7235 6502 4801 4548 6158 6869 5652 
3923 1905 1323 9875 3969 2914 1614 5599 6922 3442 2264 3606 6261 5182 2853 2935 4933 5721 4017 2894 
5191 3847 3405 8766 3015 4519 3626 6085 5890 3767 4072 4856 5988 4828 3920 4464 5422 5408 4374 4192 
5657 5889 5976 9173 6987 5773 5932 7574 8080 6380 5853 6753 7827 7230 6116 6303 7290 7529 6673 6210 
2821 1501 8129 6991 49 2161 4815 7560 3520 1105 3488 6188 5540 2313 2297 4838 5864 3926 2305 3567 
633 8653 6648 7671 9768 4643 7651 7160 8719 7205 6147 7405 7939 7962 6676 6776 7672 7951 7319 6726 
4958 3677 1680 6365 9903 4317 2678 4023 8134 7110 3498 3351 6078 7622 5304 3424 4714 6850 6463 4364 
9734 6755 5214 6712 7910 8245 5985 5963 7311 8077 7115 5974 6637 7694 7596 6544 6306 7166 7645 7070 
2834 8242 3170 3209 4376 5538 5706 3189 3792 4957 5622 4448 3491 4375 5289 5035 3969 3933 4832 5162 
6912 9970 1521 1231 3130 8441 5746 1376 2181 5786 7094 3561 1778 3983 6440 5327 2670 2881 5211 5883 
7260 1357 2239 1543 5771 4309 1798 1891 3657 5040 3053 1844 2774 4348 4047 2449 2309 3561 4197 3248 
723 492 8004 7290 9834 607 4248 7647 8562 5220 2428 5947 8104 6891 3824 4187 7026 7498 5357 4006 
3639 9086 1905 4467 3 6363 5496 3186 2235 3183 5929 4341 2710 2708 4556 5135 3526 2709 3632 4845 
7039 2435 6546 1528 430 4737 4491 4037 979 2584 4614 4264 2508 1781 3599 4439 3386 2145 2690 4019 
1315 834 8942 8014 3638 1075 4888 8478 5826 2356 2981 6683 7152 4091 2669 4832 6917 5621 3380 3750 
1175 2026 9799 9992 2115 1601 5912 9895 6054 1858 3756 7904 7975 3956 2807 5830 7939 5965 3381 4319 
4512 3145 8095 5032 7592 3829 5620 6563 6312 5710 4724 6092 6438 6011 5217 5408 6265 6224 5614 5313 
604 9397 2372 6596 5042 5001 5884 4484 5819 5021 5442 5184 5151 5420 5232 5313 5168 5286 5326 5273 
6728 7666 6031 185 3794 7197 6848 3108 1989 5495 7023 4978 2548 3742 6259 6000 3763 3145 5001 6130 
3903 3594 3541 7081 6191 3749 3568 5311 6636 4970 3658 4439 5973 5803 4314 4049 5206 5888 5058 4181 
7505 3182 8888 7372 4679 5343 6035 8130 6025 5011 5689 7082 7078 5518 5350 6386 7080 6298 5434 5868 
422 305 196 5859 1422 363 251 3028 3640 893 307 1639 3334 2266 600 973 2486 2800 1433 786 
6372 5512 1993 4521 3202 5942 3752 3257 3862 4572 4847 3505 3559 4217 4710 4176 3532 3888 4463 4443 
4431 1185 83 6379 3652 2808 634 3231 5015 3230 1721 1932 4123 4123 2475 1826 3028 4123 3299 2151 
42 3297 7022 6971 5915 1669 5159 6997 6443 3792 3414 6078 6720 5117 3603 4746 6399 5918 4360 4175 
4478 2450 43 6911 72 3464 1246 3477 3492 1768 2355 2362 3484 2630 2062 2358 2923 3057 2346 2210 
8381 9167 6149 7888 2391 8774 7658 7019 5139 5583 8216 7338 6079 5361 6899 7777 6709 5720 6130 7338 
6018 2964 1627 3283 7274 4491 2296 2455 5279 5883 3393 2375 3867 5581 4638 2884 3121 4724 5109 3761 
5378 1118 9325 4078 3294 3248 5222 6702 3686 3271 4235 5961 5194 3479 3753 5098 5578 4336 3616 4426 
4263 2032 5270 3945 7356 3148 3651 4608 5650 5252 3400 4129 5129 5451 4326 3764 4629 5290 4888 4045 
8195 7316 8674 1474 4200 7755 7995 5074 2837 5977 7875 6534 3956 4407 6926 7205 5245 4181 5667 7065 
8164 4330 7823 4135 5192 6247 6076 5979 4664 5720 6162 6028 5321 5192 5941 6095 5674 5256 5566 6018 
6073 3877 5842 282 9128 4975 4859 3062 4705 7051 4917 3961 3883 5878 5984 4439 3922 4880 5931 5211 
7184 6953 4220 4031 8626 7069 5587 4125 6328 7847 6328 4856 5227 7088 7087 5592 5041 6157 7088 6340 
4370 5605 8166 2845 7166 4988 6886 5506 5005 6077 5937 6196 5256 5541 6007 6066 5726 5398 5774 6036 
7773 1243 454 5171 5556 4508 848 2812 5364 5032 2678 1830 4088 5198 3855 2254 2959 4643 4527 3055 
9866 7180 5248 4384 9790 8523 6214 4816 7087 9156 7369 5515 5951 8122 8262 6442 5733 7037 8192 7352 
6031 3960 3013 3710 3500 4995 3487 3362 3605 4248 4241 3424 3483 3926 4244 3832 3454 3705 4085 4038 
5368 7887 8956 4712 1855 6627 8421 6834 3284 4241 7524 7628 5059 3763 5883 7576 6344 4411 4823 6730 
1293 4207 937 9214 6367 2750 2572 5075 7790 4558 2661 3824 6433 6174 3610 3242 5128 6304 4892 3426 
9432 8391 4764 1952 4629 8911 6578 3358 3290 6770 7744 4968 3324 5030 7257 6356 4146 4177 6144 6807 
9950 9974 3694 2596 8485 9962 6834 3145 5541 9223 8398 4990 4343 7382 8811 6694 4666 5863 8096 7752 
4572 9445 3748 9937 5678 7009 6596 6842 7808 6344 6803 6719 7325 7076 6573 6761 7022 7200 6824 6667 
8443 9529 7598 5525 4801 8986 8563 6561 5163 6893 8775 7562 5862 6028 7834 8169 6712 5945 6931 8001 
3890 4637 846 1539 8561 4264 2742 1193 5050 6413 3503 1967 3121 5731 4958 2735 2544 4426 5344 3846 
1672 5346 25 6051 5048 3509 2686 3038 5549 4278 3097 2862 4294 4914 3688 2980 3578 4604 4301 3334 
6693 8217 9949 5798 1402 7455 9083 7873 3600 4428 8269 8478 5737 4014 6348 8373 7107 4875 5181 7361 
4058 7126 5415 3451 3845 5592 6271 4433 3648 4718 5931 5352 4040 4183 5325 5642 4696 4112 4754 5483 
3741 6393 2164 4339 2645 5067 4278 3251 3492 3856 4672 3765 3372 3674 4264 4219 3568 3523 3969 4241 
7266 3001 1441 8797 3981 5133 2221 5119 6389 4557 3677 3670 5754 5473 4117 3673 4712 5613 4795 3895 
3711 5861 7899 2787 4798 4786 6880 5343 3793 4792 5833 6112 4568 4292 5313 5972 5340 4430 4803 5642 
2416 5089 6924 9466 108 3752 6006 8195 4787 1930 4879 7100 6491 3358 3405 5990 6796 4925 3382 4697 
5429 1444 667 5121 9602 3436 1055 2894 7362 6519 2246 1975 5128 6940 4382 2110 3551 6034 5661 3246 
265 5261 439 2242 6059 2763 2850 1340 4150 4411 2807 2095 2745 4281 3609 2451 2420 3513 3945 3030 
2748 7658 5451 908 9911 5203 6554 3179 5409 7557 5879 4867 4294 6483 6718 5373 4580 5389 6600 6045 
1688 6688 2046 4295 1664 4188 4367 3170 2979 2926 4277 3769 3075 2952 3601 4023 3422 3014 3277 3812 
2517 1315 8614 3026 3818 1916 4964 5820 3422 2867 3440 5392 4621 3144 3153 4416 5006 3882 3149 3785 
914 4509 971 9949 7821 2712 2740 5460 8885 5266 2726 4100 7173 7076 3996 3413 5636 7124 5536 3705 
6513 7962 4490 2507 1240 7238 6226 3499 1874 4239 6732 4862 2686 3056 5485 5797 3774 2871 4271 5641 
5917 7270 2991 4231 1898 6593 5130 3611 3065 4246 5862 4371 3338 3655 5054 5116 3854 3496 4354 5085 
7074 4981 3781 2191 4398 6028 4381 2986 3295 5213 5204 3684 3140 4254 5209 4444 3412 3697 4731 4826 
3744 4279 3146 7758 4523 4011 3712 5452 6140 4267 3862 4582 5796 5204 4064 4222 5189 5500 4634 4143 
7744 891 4177 9917 4586 4318 2534 7047 7251 4452 3426 4791 7149 5852 3939 4108 5970 6500 4895 4024 
7861 9336 8335 2883 5716 8599 8836 5609 4299 7157 8717 7222 4954 5728 7937 7970 6088 5341 6833 7953 
5386 7764 1558 3700 9789 6575 4661 2629 6745 8182 5618 3645 4687 7463 6900 4632 4166 6075 7182 5766 
554 3810 5457 4168 5264 2182 4634 4813 4716 3723 3408 4723 4764 4219 3565 4066 4744 4492 3892 3815 
6497 4888 5684 5492 3283 5693 5286 5588 4388 4488 5490 5437 4988 4438 4989 5463 5213 4713 4713 5226 
5461 6635 5947 1869 381 6048 6291 3908 1125 3215 6169 5099 2516 2170 4692 5634 3808 2343 3431 5163 
6121 8028 9529 9956 816 7075 8778 9742 5386 3945 7926 9260 7564 4665 5936 8593 8412 6115 5301 7265 
112 596 376 3638 7601 354 486 2007 5619 3978 420 1246 3813 4798 2199 833 2530 4306 3499 1516 
5826 5431 6160 575 9607 5628 5795 3367 5091 7618 5712 4581 4229 6354 6665 5146 4405 5292 6510 5906 
1911 5688 7080 6030 882 3799 6384 6555 3456 2340 5092 6469 5005 2898 3716 5781 5737 3952 3307 4748 
6518 510 4360 5193 6904 3514 2435 4777 6048 5209 2975 3606 5412 5628 4092 3290 4509 5520 4860 3691 
3980 5889 6987 4350 1406 4935 6438 5669 2878 3170 5686 6053 4273 3024 4428 5870 5163 3649 3726 5149 
496 1676 4977 8147 6212 1086 3327 6562 7180 3649 2206 4944 6871 5414 2928 3575 5908 6143 4171 3252 
5552 9232 9334 2454 1771 7392 9283 5894 2113 4581 8337 7589 4003 3347 6459 7963 5796 3675 4903 7211 
4022 398 1742 8557 6532 2210 1070 5150 7544 4371 1640 3110 6347 5958 3006 2375 4728 6152 4482 2690 
1473 5101 5902 3957 9179 3287 5502 4930 6568 6233 4394 5216 5749 6400 5314 4805 5482 6075 5857 5059 
2934 7902 4180 9578 5000 5418 6041 6879 7289 5209 5729 6460 7084 6249 5469 6095 6772 6666 5859 5782 
2499 1323 5145 4425 1446 1911 3234 4785 2935 1679 2572 4009 3860 2307 2126 3291 3935 3083 2216 2708 
3109 1798 8460 5955 6739 2453 5129 7208 6347 4596 3791 6168 6777 5472 4194 4980 6473 6125 4833 4587 
9172 9047 2943 9065 6943 9110 5995 6004 8004 8026 7552 5999 7004 8015 7789 6776 6502 7509 7902 7282 
7954 1024 2059 1726 2848 4489 1541 1892 2287 3669 3015 1717 2090 2978 3342 2366 1903 2534 3160 2854 
5805 8401 2114 2701 7493 7103 5257 2407 5097 7298 6180 3832 3752 6197 6739 5006 3792 4975 6468 5873 
3686 3259 834 3126 7552 3473 2047 1980 5339 5512 2760 2013 3659 5426 4136 2387 2836 4542 4781 3261 
7406 3331 905 5652 1433 5369 2118 3279 3543 3401 3743 2698 3411 3472 3572 3221 3055 3441 3522 3397 
1792 595 3246 8427 941 1193 1921 5837 4684 1067 1557 3879 5260 2876 1312 2718 4569 4068 2094 2015 
2245 2926 5015 821 3053 2585 3970 2918 1937 2819 3278 3444 2427 2378 3049 3361 2936 2403 2713 3205 
7161 8741 3988 1777 9231 7951 6365 2883 5504 8591 7158 4624 4193 7048 7874 5891 4409 5621 7461 6883 
3789 4507 7223 5575 5978 4148 5865 6399 5776 5063 5007 6132 6087 5420 5035 5569 6110 5754 5227 5302 
105 3312 9246 8032 6209 1709 6279 8639 7121 3959 3994 7459 7880 5540 3976 5727 7670 6710 4758 4852 
4062 1468 8220 7965 1241 2765 4844 8093 4603 2003 3804 6468 6348 3303 2904 5136 6408 4825 3103 4020 
2412 4210 908 4291 701 3311 2559 2599 2496 2006 2935 2579 2548 2251 2470 2757 2563 2399 2361 2614 
2957 9943 8226 5894 1703 6450 9085 7060 3799 4076 7767 8072 5430 3938 5922 7920 6751 4684 4930 6921 
