21228
585882
935609
891592
503158
701990
14146
829361
433179
616959
918639
772273
706368
668469
371213
843407
297840
999496
185698
300407
446613
201744
900035
20618
209347
694630
726413
392236
479630
683064
219101
353173
428830
80168
342775
201473
201890
433245
221315
295760
566362
739153
266010
341078
823627
904002
918094
368604
103360
603954
752368
626909
801235
517574
120696
474330
834984
443130
751056
851190
628594
630827
352617
767595
302092
605532
883428
651075
625633
178274
567082
110880
650244
518856
254758
212741
396266
10012
614981
504122
681659
49280
321725
802716
320340
377514
20659
546042
343144
130020
633747
821978
977114
440492
534316
918242
184660
756501
570913
642815
601044
985461
785033
473761
186186
791077
921472
752925
525883
938132
830404
752250
116273
148196
227001
161204
403241
773675
603398
32988
453379
526803
303733
212918
200517
40187
358150
850058
66569
882292
716653
738260
105626
410644
89600
417060
757467
939975
802522
798142
500464
883609
92042
90586
655427
548109
283349
832134
298400
151785
664304
228783
374393
227528
583878
144252
529444
490582
577224
481603
798696
590199
691224
979826
290499
832209
558829
469815
539911
146094
281731
331288
751608
176379
758424
381421
400960
404507
509535
433344
375131
483957
179617
565124
162971
23697
387895
174299
280917
411503
805489
233358
41074
249440
754354
916313
475936
105995
739922
327452
474030
93594
203771
901644
894531
328922
988924
575120
278328
682031
687945
467364
226361
558685
289193
995625
362280
167664
871415
117763
683882
204693
796049
673882
974584
444543
653852
278442
510287
280387
680926
539011
371185
300251
976930
164873
713602
975639
492072
198437
29371
873400
874579
882034
921402
8083
632041
657520
694640
449860
635382
508501
402594
447208
502857
538119
269257
224722
326677
619476
346594
928455
639041
127146
516351
137458
785881
654719
821268
654545
778315
877274
576778
966022
864587
157112
11487
595110
23552
144425
373220
468174
485428
168448
333230
232489
19016
64630
448742
820043
470637
987367
133209
391353
312316
303667
63656
118526
318911
369615
651897
350040
847878
778386
695156
435385
656739
933208
590391
644647
787198
248034
107571
993036
10802
654228
135580
805895
618477
11126
810301
641417
702692
610915
890402
242152
275182
731229
290844
594847
800692
826071
477937
910140
561207
574906
977193
256130
83418
330081
896578
285189
388371
254733
113629
989568
716062
397777
343054
608098
54347
956167
590352
254444
426187
865305
419295
144772
231223
998872
682044
776966
949513
16985
436524
349246
281296
73587
817497
240975
480624
675571
632128
786080
780544
608985
440946
523737
845995
680184
682675
854458
933343
264697
420622
40036
532545
652104
707391
46750
439335
439253
516695
666274
592812
151636
100107
782605
848592
287566
505989
387330
356278
762207
747202
305816
461876
251638
989922
555127
545158
598920
650620
658415
703035
560812
483063
251026
812342
30960
221346
912005
593102
584179
274461
443315
496111
562921
623053
251849
293319
676362
780044
830683
670842
227827
603879
773741
753071
652692
115646
852475
85568
55073
956679
599794
265678
566689
799404
928325
822538
878977
313128
693609
286957
466306
910318
499481
486849
100119
267810
260531
785926
920344
232350
892904
965006
872193
790623
341120
762289
437460
371285
375364
957322
163347
451494
757570
756072
193655
506060
987533
303710
893036
449394
362714
211715
974674
232859
8084
940547
433358
461515
140281
672172
529030
961980
702251
202002
675913
